 Page	 | Frame | First Address of Page/Frame (Hex)	| First Address of Page/Frame (Dec)
---------|-------|--------------------------------------|---------------------------------
0	 | 2	 | 0x200 				| 512	 | 0
1	 | 3	 | 0x300 				| 512	 | 0
2	 | 4	 | 0x400 				| 512	 | 0
3	 | 5	 | 0x500 				| 512	 | 0
4	 | 6	 | 0x600 				| 512	 | 0
5	 | 7	 | 0x700 				| 512	 | 0
6	 | 8	 | 0x800 				| 512	 | 0
7	 | 9	 | 0x900 				| 512	 | 0
8	 | 10	 | 0xa00 				| 512	 | 0
9	 | 11	 | 0xb00 				| 512	 | 0
10	 | 12	 | 0xc00 				| 512	 | 0
11	 | 13	 | 0xd00 				| 512	 | 0
12	 | 14	 | 0xe00 				| 512	 | 0
13	 | 15	 | 0xf00 				| 512	 | 0
14	 | 16	 | 0x1000 				| 512	 | 0
15	 | 17	 | 0x1100 				| 512	 | 0
16	 | 18	 | 0x1200 				| 512	 | 0
17	 | 19	 | 0x1300 				| 512	 | 0
18	 | 20	 | 0x1400 				| 512	 | 0
19	 | 21	 | 0x1500 				| 512	 | 0
20	 | 22	 | 0x1600 				| 512	 | 0
21	 | 23	 | 0x1700 				| 512	 | 0
22	 | 24	 | 0x1800 				| 512	 | 0
23	 | 25	 | 0x1900 				| 512	 | 0
24	 | 26	 | 0x1a00 				| 512	 | 0
25	 | 27	 | 0x1b00 				| 512	 | 0
26	 | 28	 | 0x1c00 				| 512	 | 0
27	 | 29	 | 0x1d00 				| 512	 | 0
28	 | 30	 | 0x1e00 				| 512	 | 0
29	 | 31	 | 0x1f00 				| 512	 | 0
30	 | 32	 | 0x2000 				| 512	 | 0
31	 | 33	 | 0x2100 				| 512	 | 0
32	 | 34	 | 0x2200 				| 512	 | 0
33	 | 35	 | 0x2300 				| 512	 | 0
34	 | 36	 | 0x2400 				| 512	 | 0
35	 | 37	 | 0x2500 				| 512	 | 0
36	 | 38	 | 0x2600 				| 512	 | 0
37	 | 39	 | 0x2700 				| 512	 | 0
38	 | 40	 | 0x2800 				| 512	 | 0
39	 | 41	 | 0x2900 				| 512	 | 0
40	 | 42	 | 0x2a00 				| 512	 | 0
41	 | 43	 | 0x2b00 				| 512	 | 0
42	 | 44	 | 0x2c00 				| 512	 | 0
43	 | 45	 | 0x2d00 				| 512	 | 0
44	 | 46	 | 0x2e00 				| 512	 | 0
45	 | 47	 | 0x2f00 				| 512	 | 0
46	 | 48	 | 0x3000 				| 512	 | 0
47	 | 49	 | 0x3100 				| 512	 | 0
48	 | 50	 | 0x3200 				| 512	 | 0
49	 | 51	 | 0x3300 				| 512	 | 0
50	 | 52	 | 0x3400 				| 512	 | 0
51	 | 53	 | 0x3500 				| 512	 | 0
52	 | 54	 | 0x3600 				| 512	 | 0
53	 | 55	 | 0x3700 				| 512	 | 0
54	 | 56	 | 0x3800 				| 512	 | 0
55	 | 57	 | 0x3900 				| 512	 | 0
56	 | 58	 | 0x3a00 				| 512	 | 0
57	 | 59	 | 0x3b00 				| 512	 | 0
58	 | 60	 | 0x3c00 				| 512	 | 0
59	 | 61	 | 0x3d00 				| 512	 | 0
60	 | 62	 | 0x3e00 				| 512	 | 0
61	 | 63	 | 0x3f00 				| 512	 | 0
62	 | 64	 | 0x4000 				| 512	 | 0
63	 | 65	 | 0x4100 				| 512	 | 0
64	 | 66	 | 0x4200 				| 512	 | 0
65	 | 67	 | 0x4300 				| 512	 | 0
66	 | 68	 | 0x4400 				| 512	 | 0
67	 | 69	 | 0x4500 				| 512	 | 0
68	 | 70	 | 0x4600 				| 512	 | 0
69	 | 71	 | 0x4700 				| 512	 | 0
70	 | 72	 | 0x4800 				| 512	 | 0
71	 | 73	 | 0x4900 				| 512	 | 0
72	 | 74	 | 0x4a00 				| 512	 | 0
73	 | 75	 | 0x4b00 				| 512	 | 0
74	 | 76	 | 0x4c00 				| 512	 | 0
75	 | 77	 | 0x4d00 				| 512	 | 0
76	 | 78	 | 0x4e00 				| 512	 | 0
77	 | 79	 | 0x4f00 				| 512	 | 0
78	 | 80	 | 0x5000 				| 512	 | 0
79	 | 81	 | 0x5100 				| 512	 | 0
80	 | 82	 | 0x5200 				| 512	 | 0
81	 | 83	 | 0x5300 				| 512	 | 0
82	 | 84	 | 0x5400 				| 512	 | 0
83	 | 85	 | 0x5500 				| 512	 | 0
84	 | 86	 | 0x5600 				| 512	 | 0
85	 | 87	 | 0x5700 				| 512	 | 0
86	 | 88	 | 0x5800 				| 512	 | 0
87	 | 89	 | 0x5900 				| 512	 | 0
88	 | 90	 | 0x5a00 				| 512	 | 0
89	 | 91	 | 0x5b00 				| 512	 | 0
90	 | 92	 | 0x5c00 				| 512	 | 0
91	 | 93	 | 0x5d00 				| 512	 | 0
92	 | 94	 | 0x5e00 				| 512	 | 0
93	 | 95	 | 0x5f00 				| 512	 | 0
94	 | 96	 | 0x6000 				| 512	 | 0
95	 | 97	 | 0x6100 				| 512	 | 0
96	 | 98	 | 0x6200 				| 512	 | 0
97	 | 99	 | 0x6300 				| 512	 | 0
98	 | 100	 | 0x6400 				| 512	 | 0
99	 | 101	 | 0x6500 				| 512	 | 0
100	 | 102	 | 0x6600 				| 512	 | 0
101	 | 103	 | 0x6700 				| 512	 | 0
102	 | 104	 | 0x6800 				| 512	 | 0
103	 | 105	 | 0x6900 				| 512	 | 0
104	 | 106	 | 0x6a00 				| 512	 | 0
105	 | 107	 | 0x6b00 				| 512	 | 0
106	 | 108	 | 0x6c00 				| 512	 | 0
107	 | 109	 | 0x6d00 				| 512	 | 0
108	 | 110	 | 0x6e00 				| 512	 | 0
109	 | 111	 | 0x6f00 				| 512	 | 0
110	 | 112	 | 0x7000 				| 512	 | 0
111	 | 113	 | 0x7100 				| 512	 | 0
112	 | 114	 | 0x7200 				| 512	 | 0
113	 | 115	 | 0x7300 				| 512	 | 0
114	 | 116	 | 0x7400 				| 512	 | 0
115	 | 117	 | 0x7500 				| 512	 | 0
116	 | 118	 | 0x7600 				| 512	 | 0
117	 | 119	 | 0x7700 				| 512	 | 0
118	 | 120	 | 0x7800 				| 512	 | 0
119	 | 121	 | 0x7900 				| 512	 | 0
120	 | 122	 | 0x7a00 				| 512	 | 0
121	 | 123	 | 0x7b00 				| 512	 | 0
122	 | 124	 | 0x7c00 				| 512	 | 0
123	 | 125	 | 0x7d00 				| 512	 | 0
124	 | 126	 | 0x7e00 				| 512	 | 0
125	 | 127	 | 0x7f00 				| 512	 | 0
126	 | 128	 | 0x8000 				| 512	 | 0
127	 | 129	 | 0x8100 				| 512	 | 0
128	 | 130	 | 0x8200 				| 512	 | 0
129	 | 131	 | 0x8300 				| 512	 | 0
130	 | 132	 | 0x8400 				| 512	 | 0
131	 | 133	 | 0x8500 				| 512	 | 0
132	 | 134	 | 0x8600 				| 512	 | 0
133	 | 135	 | 0x8700 				| 512	 | 0
134	 | 136	 | 0x8800 				| 512	 | 0
135	 | 137	 | 0x8900 				| 512	 | 0
136	 | 138	 | 0x8a00 				| 512	 | 0
137	 | 139	 | 0x8b00 				| 512	 | 0
138	 | 140	 | 0x8c00 				| 512	 | 0
139	 | 141	 | 0x8d00 				| 512	 | 0
140	 | 142	 | 0x8e00 				| 512	 | 0
141	 | 143	 | 0x8f00 				| 512	 | 0
142	 | 144	 | 0x9000 				| 512	 | 0
143	 | 145	 | 0x9100 				| 512	 | 0
144	 | 146	 | 0x9200 				| 512	 | 0
145	 | 147	 | 0x9300 				| 512	 | 0
146	 | 148	 | 0x9400 				| 512	 | 0
147	 | 149	 | 0x9500 				| 512	 | 0
148	 | 150	 | 0x9600 				| 512	 | 0
149	 | 151	 | 0x9700 				| 512	 | 0
150	 | 152	 | 0x9800 				| 512	 | 0
151	 | 153	 | 0x9900 				| 512	 | 0
152	 | 154	 | 0x9a00 				| 512	 | 0
153	 | 155	 | 0x9b00 				| 512	 | 0
154	 | 156	 | 0x9c00 				| 512	 | 0
155	 | 157	 | 0x9d00 				| 512	 | 0
156	 | 158	 | 0x9e00 				| 512	 | 0
157	 | 159	 | 0x9f00 				| 512	 | 0
158	 | 160	 | 0xa000 				| 512	 | 0
159	 | 161	 | 0xa100 				| 512	 | 0
160	 | 162	 | 0xa200 				| 512	 | 0
161	 | 163	 | 0xa300 				| 512	 | 0
162	 | 164	 | 0xa400 				| 512	 | 0
163	 | 165	 | 0xa500 				| 512	 | 0
164	 | 166	 | 0xa600 				| 512	 | 0
165	 | 167	 | 0xa700 				| 512	 | 0
166	 | 168	 | 0xa800 				| 512	 | 0
167	 | 169	 | 0xa900 				| 512	 | 0
168	 | 170	 | 0xaa00 				| 512	 | 0
169	 | 171	 | 0xab00 				| 512	 | 0
170	 | 172	 | 0xac00 				| 512	 | 0
171	 | 173	 | 0xad00 				| 512	 | 0
172	 | 174	 | 0xae00 				| 512	 | 0
173	 | 175	 | 0xaf00 				| 512	 | 0
174	 | 176	 | 0xb000 				| 512	 | 0
175	 | 177	 | 0xb100 				| 512	 | 0
176	 | 178	 | 0xb200 				| 512	 | 0
177	 | 179	 | 0xb300 				| 512	 | 0
178	 | 180	 | 0xb400 				| 512	 | 0
179	 | 181	 | 0xb500 				| 512	 | 0
180	 | 182	 | 0xb600 				| 512	 | 0
181	 | 183	 | 0xb700 				| 512	 | 0
182	 | 184	 | 0xb800 				| 512	 | 0
183	 | 185	 | 0xb900 				| 512	 | 0
184	 | 186	 | 0xba00 				| 512	 | 0
185	 | 187	 | 0xbb00 				| 512	 | 0
186	 | 188	 | 0xbc00 				| 512	 | 0
187	 | 189	 | 0xbd00 				| 512	 | 0
188	 | 190	 | 0xbe00 				| 512	 | 0
189	 | 191	 | 0xbf00 				| 512	 | 0
190	 | 192	 | 0xc000 				| 512	 | 0
191	 | 193	 | 0xc100 				| 512	 | 0
192	 | 194	 | 0xc200 				| 512	 | 0
193	 | 195	 | 0xc300 				| 512	 | 0
194	 | 196	 | 0xc400 				| 512	 | 0
195	 | 197	 | 0xc500 				| 512	 | 0
196	 | 198	 | 0xc600 				| 512	 | 0
197	 | 199	 | 0xc700 				| 512	 | 0
198	 | 200	 | 0xc800 				| 512	 | 0
199	 | 201	 | 0xc900 				| 512	 | 0
200	 | 202	 | 0xca00 				| 512	 | 0
201	 | 203	 | 0xcb00 				| 512	 | 0
202	 | 204	 | 0xcc00 				| 512	 | 0
203	 | 205	 | 0xcd00 				| 512	 | 0
204	 | 206	 | 0xce00 				| 512	 | 0
205	 | 207	 | 0xcf00 				| 512	 | 0
206	 | 208	 | 0xd000 				| 512	 | 0
207	 | 209	 | 0xd100 				| 512	 | 0
208	 | 210	 | 0xd200 				| 512	 | 0
209	 | 211	 | 0xd300 				| 512	 | 0
210	 | 212	 | 0xd400 				| 512	 | 0
211	 | 213	 | 0xd500 				| 512	 | 0
212	 | 214	 | 0xd600 				| 512	 | 0
213	 | 215	 | 0xd700 				| 512	 | 0
214	 | 216	 | 0xd800 				| 512	 | 0
215	 | 217	 | 0xd900 				| 512	 | 0
216	 | 218	 | 0xda00 				| 512	 | 0
217	 | 219	 | 0xdb00 				| 512	 | 0
218	 | 220	 | 0xdc00 				| 512	 | 0
219	 | 221	 | 0xdd00 				| 512	 | 0
220	 | 222	 | 0xde00 				| 512	 | 0
221	 | 223	 | 0xdf00 				| 512	 | 0
222	 | 224	 | 0xe000 				| 512	 | 0
223	 | 225	 | 0xe100 				| 512	 | 0
224	 | 226	 | 0xe200 				| 512	 | 0
225	 | 227	 | 0xe300 				| 512	 | 0
226	 | 228	 | 0xe400 				| 512	 | 0
227	 | 229	 | 0xe500 				| 512	 | 0
228	 | 230	 | 0xe600 				| 512	 | 0
229	 | 231	 | 0xe700 				| 512	 | 0
230	 | 232	 | 0xe800 				| 512	 | 0
231	 | 233	 | 0xe900 				| 512	 | 0
232	 | 234	 | 0xea00 				| 512	 | 0
233	 | 235	 | 0xeb00 				| 512	 | 0
234	 | 236	 | 0xec00 				| 512	 | 0
235	 | 237	 | 0xed00 				| 512	 | 0
236	 | 238	 | 0xee00 				| 512	 | 0
237	 | 239	 | 0xef00 				| 512	 | 0
238	 | 240	 | 0xf000 				| 512	 | 0
239	 | 241	 | 0xf100 				| 512	 | 0
240	 | 242	 | 0xf200 				| 512	 | 0
241	 | 243	 | 0xf300 				| 512	 | 0
242	 | 244	 | 0xf400 				| 512	 | 0
243	 | 245	 | 0xf500 				| 512	 | 0
244	 | 246	 | 0xf600 				| 512	 | 0
245	 | 247	 | 0xf700 				| 512	 | 0
246	 | 248	 | 0xf800 				| 512	 | 0
247	 | 249	 | 0xf900 				| 512	 | 0
248	 | 250	 | 0xfa00 				| 512	 | 0
249	 | 251	 | 0xfb00 				| 512	 | 0
250	 | 252	 | 0xfc00 				| 512	 | 0
251	 | 253	 | 0xfd00 				| 512	 | 0
252	 | 254	 | 0xfe00 				| 512	 | 0
253	 | 255	 | 0xff00 				| 512	 | 0
-------------------------------------------------------------------------
